# 119 occurences #

012 013 014 015 016 017 018 019 (8) 
023 024 025 026 027 028 029 (7)
034 035 036 037 038 039 (6) 
045 046 047 048 049 (5)
056 057 058 059 (4)
067 068 069 (3)
078 079 (2)
089 (1)

123 124 125 126 127 128 129 (7)
134 135 136 137 138 139 (6)
145 146 147 148 149 (5)
156 157 158 159 (4)
167 168 169 (3)
178 179 (2)
189 (1)

234 235 236 237 238 239 (6)
245 246 247 248 249 (5)
256 257 258 259 (4)
267 268 269 (3)
278 279 (2)
289 (1)

345 346 347 348 349 (5)
356 357 358 359 (4)
367 368 369 (3)
378 379 (2)
389 (1)

456 457 458 459 (4)
467 468 469 (3)
478 479 (2)
489 (1)

567 568 569 (3)
578 579 (2)
589 (1)

678 679 (2)
689 (1)

789 (1)